Bitreverse Alg 0, derouted:
tot: 0, 0, 0, 0, 0, 0, 0, 0, 0, 0, 0, 0, 0, 0, 0, 
ofr: 0, 0, 0, 0, 0, 0, 0, 0, 0, 0, 0, 0, 0, 0, 0, 
oidn: 0, 0, 0, 0, 0, 0, 0, 0, 0, 0, 0, 0, 0, 0, 0, 
widn: 0, 0, 0, 0, 0, 0, 0, 0, 0, 0, 0, 0, 0, 0, 0, 
cqr: 0, 0, 0, 0, 0, 0, 0, 0, 0, 0, 0, 0, 0, 0, 0, 

Bitreverse Alg 0:, lifetime
5.24694957471e-06, 5.2469540740973e-06, 5.2469549953227e-06, 5.2385567172411e-06, 5.2469589277427e-06, 5.665965559953e-06, 7.8037109169975e-06, 1.1836111855044e-05, 2.6058687932718e-05, 3.5288040159771e-05, 4.3550071029841e-05, 4.9668431817679e-05, 5.6031329060925e-05, 6.2787979413641e-05, 6.941732082082e-05, 

Bitreverse Alg 1, derouted:
tot: 220449, 220449, 220449, 220449, 220449, 220449, 220449, 228437, 260352, 361392, 399713, 442396, 445770, 452117, 431788, 
ofr: 220449, 220449, 220449, 220449, 220449, 220449, 220449, 228437, 260352, 361392, 399713, 442396, 445770, 452117, 431788, 
oidn: 63104, 63104, 63104, 63104, 63104, 63104, 63104, 66635, 74347, 103995, 119203, 128862, 135889, 139743, 132002, 
widn: 157345, 157345, 157345, 157345, 157345, 157345, 157345, 161802, 186005, 257397, 280510, 313534, 309881, 312374, 299786, 
cqr: 0, 0, 0, 0, 0, 0, 0, 0, 0, 0, 0, 0, 0, 0, 0, 

Bitreverse Alg 1:, lifetime
4.8637689027504e-06, 4.8637728707504e-06, 4.8637748547504e-06, 4.8553760452816e-06, 4.8637768387505e-06, 4.8546345552503e-06, 4.8637778307503e-06, 4.8520222705686e-06, 5.0932326824944e-06, 7.3534032653007e-06, 1.0353315809284e-05, 1.8804608293039e-05, 2.6345561151306e-05, 3.3604528776632e-05, 3.9379643114574e-05, 

Bitreverse Alg 2, derouted:
tot: 213341, 213341, 213341, 213341, 213341, 213341, 213341, 213341, 214654, 217033, 234495, 315560, 334785, 356287, 357971, 
ofr: 0, 0, 0, 0, 0, 0, 0, 0, 0, 0, 0, 0, 0, 0, 0, 
oidn: 0, 0, 0, 0, 0, 0, 0, 0, 0, 0, 0, 0, 0, 0, 0, 
widn: 0, 0, 0, 0, 0, 0, 0, 0, 0, 0, 0, 0, 0, 0, 0, 
cqr: 213341, 213341, 213341, 213341, 213341, 213341, 213341, 213341, 214654, 217033, 234495, 315560, 334785, 356287, 357971, 

Bitreverse Alg 2:, lifetime
4.4724292244136e-06, 4.4724331924138e-06, 4.4724351764136e-06, 4.4640363669448e-06, 4.4724371604137e-06, 4.4632948769136e-06, 4.4724381524136e-06, 4.4724384934136e-06, 4.4671827858577e-06, 4.4754640223503e-06, 4.7528045758542e-06, 1.232815812345e-05, 1.9234130045294e-05, 2.4745724489374e-05, 2.9384657825297e-05, 

Butterfly Alg 0, derouted:
tot: 0, 0, 0, 0, 0, 0, 0, 0, 0, 0, 0, 0, 0, 0, 0, 0, 0, 0, 0, 
ofr: 0, 0, 0, 0, 0, 0, 0, 0, 0, 0, 0, 0, 0, 0, 0, 0, 0, 0, 0, 
oidn: 0, 0, 0, 0, 0, 0, 0, 0, 0, 0, 0, 0, 0, 0, 0, 0, 0, 0, 0, 
widn: 0, 0, 0, 0, 0, 0, 0, 0, 0, 0, 0, 0, 0, 0, 0, 0, 0, 0, 0, 
cqr: 0, 0, 0, 0, 0, 0, 0, 0, 0, 0, 0, 0, 0, 0, 0, 0, 0, 0, 0, 

Butterfly Alg 0:, lifetime
6.2757363786341e-06, 6.2757403466306e-06, 6.2757423306319e-06, 6.2673435211594e-06, 6.8759005542603e-06, 7.598758259319e-06, 8.1559015262561e-06, 9.0773360897928e-06, 1.0646054016556e-05, 1.3802050072947e-05, 1.7942968738879e-05, 2.2965782789553e-05, 2.8348422781315e-05, 3.4186023034674e-05, 4.0287533293056e-05, 4.5889415650557e-05, 5.0868866631557e-05, 5.5324164885054e-05, 5.9333933293061e-05, 

Butterfly Alg 1, derouted:
tot: 574976, 574976, 574976, 574976, 574976, 574976, 574976, 574976, 567488, 537039, 521740, 492341, 475376, 421051, 388569, 388569, 388569, 388569, 388569, 
ofr: 574976, 574976, 574976, 574976, 574976, 574976, 574976, 574976, 567488, 537039, 521740, 492341, 475376, 421051, 388569, 388569, 388569, 388569, 388569, 
oidn: 402304, 402304, 402304, 402304, 402304, 402304, 402304, 402304, 390400, 311807, 310872, 304585, 298562, 262871, 241505, 241505, 241505, 241505, 241505, 
widn: 172672, 172672, 172672, 172672, 172672, 172672, 172672, 172672, 177088, 225232, 210868, 187756, 176814, 158180, 147064, 147064, 147064, 147064, 147064, 
cqr: 0, 0, 0, 0, 0, 0, 0, 0, 0, 0, 0, 0, 0, 0, 0, 0, 0, 0, 0, 

Butterfly Alg 1:, lifetime
5.0213642416108e-06, 5.0213682096093e-06, 5.0213701936108e-06, 5.0129713841412e-06, 5.0213721776091e-06, 5.0122312450211e-06, 5.0217531501515e-06, 5.0243644109754e-06, 5.036650643506e-06, 5.4347388646878e-06, 6.1514727790487e-06, 7.2331349939339e-06, 9.080753234718e-06, 1.2071997858116e-05, 1.5782480855352e-05, 2.1384363212853e-05, 2.6363814193852e-05, 3.0819112447352e-05, 3.4828880855354e-05, 

Butterfly Alg 2, derouted:
tot: 477696, 477696, 477696, 477696, 477696, 477696, 477696, 477696, 480000, 484224, 421608, 357104, 319944, 319360, 319360, 319360, 319360, 319360, 319360, 
ofr: 0, 0, 0, 0, 0, 0, 0, 0, 0, 0, 0, 0, 0, 0, 0, 0, 0, 0, 0, 
oidn: 0, 0, 0, 0, 0, 0, 0, 0, 0, 0, 0, 0, 0, 0, 0, 0, 0, 0, 0, 
widn: 0, 0, 0, 0, 0, 0, 0, 0, 0, 0, 0, 0, 0, 0, 0, 0, 0, 0, 0, 
cqr: 477696, 477696, 477696, 477696, 477696, 477696, 477696, 477696, 480000, 484224, 421608, 357104, 319944, 319360, 319360, 319360, 319360, 319360, 319360, 

Butterfly Alg 2:, lifetime
5.0330558807742e-06, 5.0330598487694e-06, 5.0330618327722e-06, 5.0246630232988e-06, 5.033063816771e-06, 5.0239215332684e-06, 5.03306480877e-06, 5.033065149771e-06, 5.0634083008719e-06, 5.5541438679463e-06, 7.2164272645512e-06, 1.1046559950304e-05, 1.7507321221694e-05, 2.4248110139864e-05, 3.0204243479329e-05, 3.580612583683e-05, 4.0785576817828e-05, 4.5240875071331e-05, 4.9250643479334e-05, 

Uniform Alg 0, derouted:
tot: 0, 0, 0, 0, 0, 0, 0, 0, 0, 0, 0, 0, 0, 0, 0, 0, 0, 0, 0, 
ofr: 0, 0, 0, 0, 0, 0, 0, 0, 0, 0, 0, 0, 0, 0, 0, 0, 0, 0, 0, 
oidn: 0, 0, 0, 0, 0, 0, 0, 0, 0, 0, 0, 0, 0, 0, 0, 0, 0, 0, 0, 
widn: 0, 0, 0, 0, 0, 0, 0, 0, 0, 0, 0, 0, 0, 0, 0, 0, 0, 0, 0, 
cqr: 0, 0, 0, 0, 0, 0, 0, 0, 0, 0, 0, 0, 0, 0, 0, 0, 0, 0, 0, 

Uniform Alg 0:, lifetime
4.8386532386097e-06, 4.8436224721566e-06, 4.8473610590447e-06, 4.772010107311e-06, 4.8424580682488e-06, 4.8472171202384e-06, 4.8560863392436e-06, 4.9108550601156e-06, 5.0610116719524e-06, 5.6521117775082e-06, 7.7350059945619e-06, 1.5774495113664e-05, 2.0691776282269e-05, 2.8345378249151e-05, 3.3359282857104e-05, 4.0551783091715e-05, 4.4244908652939e-05, 4.8316582539525e-05, 5.352538276836e-05, 

Uniform Alg 1, derouted:
tot: 450870, 454896, 452588, 452115, 442082, 454843, 449268, 450819, 447094, 458316, 448292, 471645, 476996, 483773, 480162, 480641, 479863, 472846, 473108, 
ofr: 450870, 454896, 452588, 452115, 442082, 454843, 449268, 450819, 447094, 458316, 448292, 471645, 476996, 483773, 480162, 480641, 479863, 472846, 473108, 
oidn: 147335, 149328, 150205, 146432, 144430, 152202, 146775, 147079, 144400, 151151, 146946, 150184, 141280, 135658, 136360, 137031, 136800, 134337, 134441, 
widn: 303535, 305568, 302383, 305683, 297652, 302641, 302493, 303740, 302694, 307165, 301346, 321461, 335716, 348115, 343802, 343610, 343063, 338509, 338667, 
cqr: 0, 0, 0, 0, 0, 0, 0, 0, 0, 0, 0, 0, 0, 0, 0, 0, 0, 0, 0, 

Uniform Alg 1:, lifetime
4.6450631031965e-06, 4.6391631578696e-06, 4.6445033503806e-06, 4.6361356716393e-06, 4.6262387680984e-06, 4.6225032460627e-06, 4.6310938762105e-06, 4.6293337012742e-06, 4.6396939541857e-06, 4.6702767081273e-06, 4.7325577936501e-06, 4.9424945625553e-06, 5.7817110113926e-06, 8.9231865048901e-06, 1.4635973113184e-05, 1.9896104611892e-05, 2.5172588342904e-05, 2.9884921097645e-05, 3.361925541621e-05, 

Uniform Alg 2, derouted:
tot: 230445, 238799, 235024, 237471, 233135, 229469, 236616, 233154, 233760, 234306, 235667, 250300, 258712, 275385, 286715, 279254, 279538, 285049, 287598, 
ofr: 0, 0, 0, 0, 0, 0, 0, 0, 0, 0, 0, 0, 0, 0, 0, 0, 0, 0, 0, 
oidn: 0, 0, 0, 0, 0, 0, 0, 0, 0, 0, 0, 0, 0, 0, 0, 0, 0, 0, 0, 
widn: 0, 0, 0, 0, 0, 0, 0, 0, 0, 0, 0, 0, 0, 0, 0, 0, 0, 0, 0, 
cqr: 230445, 238799, 235024, 237471, 233135, 229469, 236616, 233154, 233760, 234306, 235667, 250300, 258712, 275385, 286715, 279254, 279538, 285049, 287598, 

Uniform Alg 2:, lifetime
4.355041854817e-06, 4.3522107116561e-06, 4.3583494449957e-06, 4.335350244987e-06, 4.3397946710834e-06, 4.3251534653144e-06, 4.3641788031716e-06, 4.3632535131344e-06, 4.3632600579293e-06, 4.3603437738592e-06, 4.4227970206829e-06, 4.4962780531253e-06, 4.9077674458239e-06, 6.2333513813056e-06, 1.0954285767903e-05, 1.6791557318438e-05, 2.1768087044618e-05, 2.6059047957385e-05, 3.045648494743e-05, 

Transposition Alg 0, derouted:
tot: 0, 0, 0, 0, 0, 0, 0, 0, 0, 0, 0, 0, 0, 0, 0, 
ofr: 0, 0, 0, 0, 0, 0, 0, 0, 0, 0, 0, 0, 0, 0, 0, 
oidn: 0, 0, 0, 0, 0, 0, 0, 0, 0, 0, 0, 0, 0, 0, 0, 
widn: 0, 0, 0, 0, 0, 0, 0, 0, 0, 0, 0, 0, 0, 0, 0, 
cqr: 0, 0, 0, 0, 0, 0, 0, 0, 0, 0, 0, 0, 0, 0, 0, 

Transposition Alg 0:, lifetime
8.8447550536933e-06, 8.8400658300176e-06, 8.8403719166536e-06, 8.8238779602306e-06, 8.8412292513991e-06, 8.826363370314e-06, 8.8422529005741e-06, 8.8734770054116e-06, 9.1821230424701e-06, 2.5198039881057e-05, 5.7026629999846e-05, 7.6939313005571e-05, 8.704897115922e-05, 0.00010295834517387, 0.00011600260357531, 

Transposition Alg 1, derouted:
tot: 584805, 585311, 584771, 585392, 585570, 585014, 584446, 581943, 584610, 735011, 724317, 719570, 691084, 708314, 681156, 
ofr: 584805, 585311, 584771, 585392, 585570, 585014, 584446, 581943, 584610, 735011, 724317, 719570, 691084, 708314, 681156, 
oidn: 200428, 200210, 200198, 200717, 200593, 200025, 199679, 199721, 200369, 241789, 259509, 264882, 260464, 269951, 267544, 
widn: 384377, 385101, 384573, 384675, 384977, 384989, 384767, 382222, 384241, 493222, 464808, 454688, 430620, 438363, 413612, 
cqr: 0, 0, 0, 0, 0, 0, 0, 0, 0, 0, 0, 0, 0, 0, 0, 

Transposition Alg 1:, lifetime
8.6345263075756e-06, 8.6352278409158e-06, 8.6342576066222e-06, 8.6156956314587e-06, 8.635454624516e-06, 8.6194701157232e-06, 8.633369704688e-06, 8.6369408919071e-06, 8.6582350526714e-06, 2.3727801720871e-05, 6.8818325925238e-05, 0.00011067504163931, 0.00014541470555692, 0.00015846875844482, 0.00018424577068159, 

Transposition Alg 2, derouted:
tot: 440656, 440390, 441498, 441155, 440791, 440986, 440309, 440112, 438805, 442785, 481855, 687689, 844278, 931312, 973614, 
ofr: 0, 0, 0, 0, 0, 0, 0, 0, 0, 0, 0, 0, 0, 0, 0, 
oidn: 0, 0, 0, 0, 0, 0, 0, 0, 0, 0, 0, 0, 0, 0, 0, 
widn: 0, 0, 0, 0, 0, 0, 0, 0, 0, 0, 0, 0, 0, 0, 0, 
cqr: 440656, 440390, 441498, 441155, 440791, 440986, 440309, 440112, 438805, 442785, 481855, 687689, 844278, 931312, 973614, 

Transposition Alg 2:, lifetime
8.5586188085921e-06, 8.5530719328527e-06, 8.5588920718793e-06, 8.5424587843224e-06, 8.5589647648195e-06, 8.5418019041458e-06, 8.5518485158108e-06, 8.5493065509884e-06, 8.5604370966165e-06, 8.6682709687593e-06, 9.497140866322e-06, 1.7463877018206e-05, 3.2467293411084e-05, 5.2482282269221e-05, 7.2270017407567e-05, 

TDTrans Alg 0, derouted:
tot: 0, 0, 0, 0, 0, 0, 0, 0, 0, 0, 0, 
ofr: 0, 0, 0, 0, 0, 0, 0, 0, 0, 0, 0, 
oidn: 0, 0, 0, 0, 0, 0, 0, 0, 0, 0, 0, 
widn: 0, 0, 0, 0, 0, 0, 0, 0, 0, 0, 0, 
cqr: 0, 0, 0, 0, 0, 0, 0, 0, 0, 0, 0, 

TDTrans Alg 0:, lifetime
7.82965827158e-06, 7.833036089532e-06, 7.8295741673469e-06, 7.854642952082e-06, 1.4143614027911e-05, 3.4291903014742e-05, 5.5856793861281e-05, 7.950328507634e-05, 9.9473274187729e-05, 0.00011232897767805, 0.00013059697402884, 

TDTrans Alg 1, derouted:
tot: 398417, 398498, 397694, 397027, 398699, 399689, 401020, 418312, 485388, 583218, 660431, 
ofr: 398417, 398498, 397694, 397027, 398699, 399689, 401020, 418312, 485388, 583218, 660431, 
oidn: 187970, 188077, 187584, 186680, 187192, 187637, 185458, 192927, 221039, 251518, 285603, 
widn: 210447, 210421, 210110, 210347, 211507, 212052, 215562, 225385, 264349, 331700, 374828, 
cqr: 0, 0, 0, 0, 0, 0, 0, 0, 0, 0, 0, 

TDTrans Alg 1:, lifetime
6.2768621506779e-06, 6.2776122577492e-06, 6.2782118841165e-06, 6.2699873695096e-06, 6.2747986702672e-06, 6.2710687673672e-06, 6.2757993757528e-06, 7.1571418856737e-06, 1.1359501306681e-05, 1.9057859325016e-05, 3.28505339461e-05, 

TDTrans Alg 2, derouted:
tot: 469620, 468474, 469942, 472509, 469641, 468602, 472125, 507526, 557069, 607725, 670644, 
ofr: 0, 0, 0, 0, 0, 0, 0, 0, 0, 0, 0, 
oidn: 0, 0, 0, 0, 0, 0, 0, 0, 0, 0, 0, 
widn: 0, 0, 0, 0, 0, 0, 0, 0, 0, 0, 0, 
cqr: 469620, 468474, 469942, 472509, 469641, 468602, 472125, 507526, 557069, 607725, 670644, 

TDTrans Alg 2:, lifetime
6.4561453194441e-06, 6.4632575987911e-06, 6.459333398849e-06, 6.4495056049006e-06, 6.4629122450099e-06, 6.4494588367713e-06, 6.6527019681458e-06, 8.3206600164752e-06, 1.3581658810382e-05, 2.0884549578274e-05, 2.8260209352419e-05, 

Bitcomplement Alg 0, derouted:
tot: 0, 0, 0, 0, 0, 0, 0, 0, 0, 0, 0, 
ofr: 0, 0, 0, 0, 0, 0, 0, 0, 0, 0, 0, 
oidn: 0, 0, 0, 0, 0, 0, 0, 0, 0, 0, 0, 
widn: 0, 0, 0, 0, 0, 0, 0, 0, 0, 0, 0, 
cqr: 0, 0, 0, 0, 0, 0, 0, 0, 0, 0, 0, 

Bitcomplement Alg 0:, lifetime
7.2651111192925e-06, 7.2652926110972e-06, 7.264538322585e-06, 7.2565852246374e-06, 7.4347232514095e-06, 1.9497768712385e-05, 3.1275636099856e-05, 5.5159609986348e-05, 7.2221385091727e-05, 8.7979604561654e-05, 0.00014891958762497, 

Bitcomplement Alg 1, derouted:
tot: 514998, 514952, 514901, 524147, 650326, 461036, 301699, 298696, 300162, 305529, 289149, 
ofr: 514998, 514952, 514901, 524147, 650326, 461036, 301699, 298696, 300162, 305529, 289149, 
oidn: 203594, 203571, 203481, 208178, 298376, 232044, 176514, 179736, 183962, 192930, 183322, 
widn: 311404, 311381, 311420, 315969, 351950, 228992, 125185, 118960, 116200, 112599, 105827, 
cqr: 0, 0, 0, 0, 0, 0, 0, 0, 0, 0, 0, 

Bitcomplement Alg 1:, lifetime
7.5560545183635e-06, 7.556272847957e-06, 7.5565020021572e-06, 7.5545515698977e-06, 1.304049158642e-05, 2.7846533266884e-05, 7.1506302528847e-05, 9.955892595191e-05, 0.0001375079576657, 0.00015748806983257, 0.00017949996615765, 

Bitcomplement Alg 2, derouted:
tot: 672400, 672346, 672391, 672337, 672346, 650611, 729849, 878916, 1255505, 1234698, 1255281, 
ofr: 0, 0, 0, 0, 0, 0, 0, 0, 0, 0, 0, 
oidn: 0, 0, 0, 0, 0, 0, 0, 0, 0, 0, 0, 
widn: 0, 0, 0, 0, 0, 0, 0, 0, 0, 0, 0, 
cqr: 672400, 672346, 672391, 672337, 672346, 650611, 729849, 878916, 1255505, 1234698, 1255281, 

Bitcomplement Alg 2:, lifetime
6.9831993298076e-06, 6.9821774478505e-06, 6.9830343068148e-06, 6.9736096473891e-06, 6.9821814158509e-06, 6.9509075587751e-06, 7.7440385437615e-06, 1.9725675992757e-05, 0.00014695889145729, 0.00018164365678051, 0.00022123541425406, 

